7
8
0
7
1
5
8
14
3
3
7
12
6
14
4
5
4
8
0
9
8
6
7
12
11
8
12
1
11
3
14
1
10
12
8
5
3
14
3
4
7
0
0
7
6
11
12
6
3
0
11
6
11
12
9
10
8
6
5
11
8
4
14
11
6
14
9
7
3
4
0
6
11
7
14
2
1
9
1
10
12
11
4
6
8
3
14
13
1
9
12
13
10
6
11
1
4
10
5
14
1
13
6
6
7
14
7
7
5
13
12
12
0
9
0
0
0
9
9
10
13
0
4
6
1
1
1
12
4
5
14
8
1
10
6
9
11
12
11
14
12
5
12
9
3
3
9
5
1
8
8
3
3
0
9
13
4
0
1
6
7
4
9
9
14
1
9
5
10
7
13
13
0
0
11
14
8
7
4
11
5
6
4
5
5
6
4
14
7
9
14
7
4
11
9
3
9
6
8
0
1
7
14
3
11
0
11
14
14
12
9
6
6
0
11
9
6
14
6
1
6
7
3
5
9
4
13
1
11
11
9
11
4
7
12
0
8
5
4
7
8
8
3
12
7
5
11
7
11
1
5
9
14
6
10
5
14
5
1
8
10
7
12
11
8
0
0
0
14
4
7
0
9
1
4
4
6
1
8
4
9
5
3
14
6
9
10
14
13
0
9
8
5
9
8
9
5
12
